U-Net + CBAM Test Results
============================================================
Test Loss: 0.331968
Pixel Accuracy: 0.896127
Mean IoU: 0.540934

Class IoU:
class_0: 0.940146
class_1: 0.827693
class_2: 0.083117
class_3: 0.953851
class_4: 0.838298
class_5: 0.875313
class_6: 0.250785
class_7: 0.571163
class_8: 0.574623
class_9: 0.209296
class_10: 0.132277
class_11: 0.234641
